sima eredmeny: 256.139533800000	254.350464500000	288.320560500000	242.938596400000	258.650547800000	282.576926900000	254.333972400000	283.400701400000	272.562791200000	267.231038800000	239.426873300000	291.023876500000	271.874973300000	267.244952600000	245.287507800000	241.716156500000	296.089775200000	268.475557300000	266.447625500000	271.339714500000	249.638370900000	255.441646300000	241.202102800000	293.408125900000	292.902332200000	233.756530800000	272.862009700000	247.275370700000	243.495985300000	264.022582200000	290.942960600000	211.782024300000	239.320901100000	256.662889900000	275.834253900000	271.978312600000	229.269739500000	266.177238100000	255.187659300000	290.660580300000
felesleg: 13.1875075000000	12.8543204000000	17.4886173000000	13.0829950000000	14.0084551000000	11.9456064000000	10.3274695000000	12.5939325000000	10.4818116000000	13.6333390000000	12.4287938000000	13.0645245000000	12.7052228000000	12.0609719000000	11.5065877000000	9.26702670000000	12.3728106000000	10.7507097000000	9.44396980000000	10.1191793000000	12.1156740000000	14.2071920000000	11.9311840000000	16.2526680000000	17.5507293000000	9.49588490000001	11.4048768000000	10.2137419000000	10.1817843000000	10.3979603000000	16.0465783000000	9.20656910000000	12.6391630000000	13.4619027000000	13.9603158000000	11.1745360000000	8.16312940000000	10.9467647000000	11.9814375000000	10.4597005000000
korrigalt: 242.952026300000	241.496144100000	270.831943200000	229.855601400000	244.642092700000	270.631320500000	244.006502900000	270.806768900000	262.080979600000	253.597699800000	226.998079500000	277.959352000000	259.169750500000	255.183980700000	233.780920100000	232.449129800000	283.716964600000	257.724847600000	257.003655700000	261.220535200000	237.522696900000	241.234454300000	229.270918800000	277.155457900000	275.351602900000	224.260645900000	261.457132900000	237.061628800000	233.314201000000	253.624621900000	274.896382300000	202.575455200000	226.681738100000	243.200987200000	261.873938100000	260.803776600000	221.106610100000	255.230473400000	243.206221800000	280.200879800000